NAME	= Example_Clip
DESCRIPTION	= 
UNIT	= 
DATAFILE_OFFSET	= 0
DATAFORMAT	= FLOAT
BYTEORDER_BIG	= FALSE
POSITION_XMIN	= 474768.5350000010
POSITION_YMIN	= 5969542.7489999998
CELLCOUNT_X	= 245
CELLCOUNT_Y	= 98
CELLSIZE	= 0.1500000000
Z_FACTOR	= 1.000000
Z_OFFSET	= 0.000000
NODATA_VALUE	= -99999.000000
TOPTOBOTTOM	= FALSE
